Episode	Reward	Steps
1	81.00	20
2	97.00	4
3	93.00	8
4	99.00	2
5	97.00	4
6	99.00	2
7	69.00	32
8	99.00	2
9	97.00	4
10	91.00	10
11	99.00	2
12	97.00	4
13	99.00	2
14	93.00	8
15	97.00	4
16	99.00	2
17	95.00	6
18	89.00	12
19	89.00	12
20	97.00	4
21	87.00	14
22	91.00	10
23	97.00	4
24	97.00	4
25	95.00	6
26	93.00	8
27	95.00	6
28	97.00	4
29	99.00	2
30	97.00	4
31	99.00	2
32	95.00	6
33	83.00	18
34	85.00	16
35	97.00	4
36	95.00	6
37	95.00	6
38	91.00	10
39	97.00	4
40	99.00	2
41	99.00	2
42	97.00	4
43	97.00	4
44	97.00	4
45	99.00	2
46	89.00	12
47	91.00	10
48	85.00	16
49	97.00	4
50	91.00	10
51	95.00	6
52	95.00	6
53	97.00	4
54	93.00	8
55	97.00	4
56	99.00	2
57	91.00	10
58	91.00	10
59	95.00	6
60	95.00	6
61	97.00	4
62	89.00	12
63	95.00	6
64	89.00	12
65	97.00	4
66	97.00	4
67	93.00	8
68	87.00	14
69	99.00	2
70	97.00	4
71	95.00	6
72	99.00	2
73	97.00	4
74	99.00	2
75	91.00	10
76	97.00	4
77	99.00	2
78	93.00	8
79	93.00	8
80	85.00	16
81	93.00	8
82	89.00	12
83	77.00	24
84	95.00	6
85	95.00	6
86	91.00	10
87	81.00	20
88	99.00	2
89	99.00	2
90	85.00	16
91	93.00	8
92	89.00	12
93	95.00	6
94	99.00	2
95	99.00	2
96	89.00	12
97	99.00	2
98	93.00	8
99	97.00	4
100	99.00	2
101	91.00	10
102	93.00	8
103	99.00	2
104	95.00	6
105	99.00	2
106	93.00	8
107	99.00	2
108	99.00	2
109	95.00	6
110	91.00	10
111	99.00	2
112	91.00	10
113	99.00	2
114	97.00	4
115	95.00	6
116	97.00	4
117	97.00	4
118	89.00	12
119	99.00	2
120	89.00	12
121	99.00	2
122	99.00	2
123	95.00	6
124	99.00	2
125	95.00	6
126	97.00	4
127	99.00	2
128	99.00	2
129	97.00	4
130	91.00	10
131	95.00	6
132	93.00	8
133	97.00	4
134	97.00	4
135	91.00	10
136	95.00	6
137	99.00	2
138	97.00	4
139	89.00	12
140	81.00	20
141	85.00	16
142	99.00	2
143	99.00	2
144	95.00	6
145	93.00	8
146	93.00	8
147	99.00	2
148	99.00	2
149	97.00	4
150	99.00	2
151	99.00	2
152	99.00	2
153	99.00	2
154	87.00	14
155	97.00	4
156	99.00	2
157	97.00	4
158	95.00	6
159	97.00	4
160	93.00	8
161	95.00	6
162	99.00	2
163	99.00	2
164	91.00	10
165	97.00	4
166	99.00	2
167	89.00	12
168	99.00	2
169	95.00	6
170	97.00	4
171	99.00	2
172	91.00	10
173	99.00	2
174	97.00	4
175	77.00	24
176	99.00	2
177	97.00	4
178	95.00	6
179	87.00	14
180	97.00	4
181	87.00	14
182	97.00	4
183	89.00	12
184	99.00	2
185	99.00	2
186	99.00	2
187	79.00	22
188	91.00	10
189	95.00	6
190	87.00	14
191	93.00	8
192	95.00	6
193	99.00	2
194	77.00	24
195	97.00	4
196	97.00	4
197	93.00	8
198	99.00	2
199	97.00	4
200	93.00	8
201	97.00	4
202	93.00	8
203	85.00	16
204	95.00	6
205	89.00	12
206	99.00	2
207	87.00	14
208	93.00	8
209	97.00	4
210	99.00	2
211	95.00	6
212	97.00	4
213	83.00	18
214	97.00	4
215	99.00	2
216	95.00	6
217	95.00	6
218	99.00	2
219	79.00	22
220	99.00	2
221	93.00	8
222	97.00	4
223	93.00	8
224	97.00	4
225	91.00	10
226	89.00	12
227	95.00	6
228	99.00	2
229	95.00	6
230	95.00	6
231	93.00	8
232	99.00	2
233	97.00	4
234	95.00	6
235	95.00	6
236	91.00	10
237	97.00	4
238	97.00	4
239	99.00	2
240	93.00	8
241	97.00	4
242	99.00	2
243	99.00	2
244	97.00	4
245	93.00	8
246	97.00	4
247	91.00	10
248	81.00	20
249	97.00	4
250	99.00	2
251	95.00	6
252	99.00	2
253	95.00	6
254	97.00	4
255	97.00	4
256	99.00	2
257	93.00	8
258	97.00	4
259	95.00	6
260	99.00	2
261	97.00	4
262	99.00	2
263	89.00	12
264	99.00	2
265	97.00	4
266	99.00	2
267	99.00	2
268	95.00	6
269	99.00	2
270	95.00	6
271	91.00	10
272	93.00	8
273	89.00	12
274	97.00	4
275	95.00	6
276	91.00	10
277	89.00	12
278	87.00	14
279	99.00	2
280	97.00	4
281	95.00	6
282	99.00	2
283	95.00	6
284	95.00	6
285	91.00	10
286	95.00	6
287	99.00	2
288	95.00	6
289	99.00	2
290	99.00	2
291	91.00	10
292	99.00	2
293	99.00	2
294	99.00	2
295	93.00	8
296	93.00	8
297	99.00	2
298	99.00	2
299	97.00	4
300	99.00	2
301	99.00	2
302	99.00	2
303	97.00	4
304	95.00	6
305	97.00	4
306	93.00	8
307	85.00	16
308	97.00	4
309	95.00	6
310	93.00	8
311	91.00	10
312	93.00	8
313	97.00	4
314	99.00	2
315	99.00	2
316	87.00	14
317	97.00	4
318	97.00	4
319	99.00	2
320	91.00	10
321	99.00	2
322	99.00	2
323	97.00	4
324	97.00	4
325	93.00	8
326	95.00	6
327	97.00	4
328	99.00	2
329	91.00	10
330	97.00	4
331	99.00	2
332	97.00	4
333	99.00	2
334	97.00	4
335	99.00	2
336	99.00	2
337	99.00	2
338	95.00	6
339	99.00	2
340	99.00	2
341	99.00	2
342	97.00	4
343	97.00	4
344	99.00	2
345	99.00	2
346	97.00	4
347	99.00	2
348	95.00	6
349	99.00	2
350	99.00	2
351	99.00	2
352	97.00	4
353	99.00	2
354	81.00	20
355	95.00	6
356	93.00	8
357	95.00	6
358	97.00	4
359	97.00	4
360	99.00	2
361	99.00	2
362	95.00	6
363	97.00	4
364	97.00	4
365	99.00	2
366	93.00	8
367	93.00	8
368	99.00	2
369	99.00	2
370	93.00	8
371	87.00	14
372	99.00	2
373	93.00	8
374	93.00	8
375	99.00	2
376	97.00	4
377	99.00	2
378	95.00	6
379	95.00	6
380	99.00	2
381	99.00	2
382	99.00	2
383	99.00	2
384	99.00	2
385	95.00	6
386	99.00	2
387	95.00	6
388	97.00	4
389	81.00	20
390	93.00	8
391	99.00	2
392	93.00	8
393	89.00	12
394	99.00	2
395	97.00	4
396	99.00	2
397	97.00	4
398	97.00	4
399	99.00	2
400	99.00	2
401	99.00	2
402	99.00	2
403	99.00	2
404	99.00	2
405	97.00	4
406	93.00	8
407	97.00	4
408	99.00	2
409	93.00	8
410	99.00	2
411	99.00	2
412	95.00	6
413	99.00	2
414	99.00	2
415	95.00	6
416	99.00	2
417	95.00	6
418	99.00	2
419	95.00	6
420	97.00	4
421	99.00	2
422	97.00	4
423	99.00	2
424	99.00	2
425	97.00	4
426	91.00	10
427	97.00	4
428	99.00	2
429	95.00	6
430	87.00	14
431	95.00	6
432	97.00	4
433	95.00	6
434	95.00	6
435	97.00	4
436	99.00	2
437	99.00	2
438	93.00	8
439	93.00	8
440	99.00	2
441	95.00	6
442	99.00	2
443	91.00	10
444	99.00	2
445	97.00	4
446	99.00	2
447	99.00	2
448	97.00	4
449	93.00	8
450	99.00	2
451	97.00	4
452	99.00	2
453	91.00	10
454	97.00	4
455	99.00	2
456	99.00	2
457	87.00	14
458	99.00	2
459	93.00	8
460	97.00	4
461	95.00	6
462	97.00	4
463	97.00	4
464	97.00	4
465	99.00	2
466	97.00	4
467	95.00	6
468	95.00	6
469	99.00	2
470	99.00	2
471	99.00	2
472	93.00	8
473	99.00	2
474	99.00	2
475	99.00	2
476	85.00	16
477	97.00	4
478	99.00	2
479	97.00	4
480	97.00	4
481	99.00	2
482	99.00	2
483	89.00	12
484	95.00	6
485	97.00	4
486	99.00	2
487	99.00	2
488	97.00	4
489	99.00	2
490	97.00	4
491	97.00	4
492	99.00	2
493	99.00	2
494	99.00	2
495	97.00	4
496	95.00	6
497	89.00	12
498	93.00	8
499	99.00	2
500	95.00	6
501	99.00	2
502	95.00	6
503	97.00	4
504	93.00	8
505	99.00	2
506	97.00	4
507	99.00	2
508	97.00	4
509	95.00	6
510	95.00	6
511	99.00	2
512	99.00	2
513	91.00	10
514	99.00	2
515	97.00	4
516	97.00	4
517	93.00	8
518	99.00	2
519	99.00	2
520	95.00	6
521	99.00	2
522	99.00	2
523	93.00	8
524	99.00	2
525	97.00	4
526	99.00	2
527	99.00	2
528	97.00	4
529	99.00	2
530	95.00	6
531	99.00	2
532	99.00	2
533	97.00	4
534	97.00	4
535	95.00	6
536	99.00	2
537	95.00	6
538	97.00	4
539	99.00	2
